-50 0 0
0 0 0
50 0 0
-50 0 -50
0 0 -50
50 0 -50
-50 0 50
0 0 50
50 0 50
-100 50 0
-150 100 0
-200 100 50
-250 100 50
-300 150 50
-350 150 -50
-400 150 -50
-450 200 -50
-500 200 -50
-550 250 0
-600 250 0
-650 300 -50
-700 350 -100
-650 350 -200
-800 350 -350
-650 350 -500
-500 350 -650
-450 400 -600
-400 450 -600
-250 500 -600
-200 550 -550
-150 550 -500
-100 550 -500
-50 550 -500
0 600 -550
50 600 -600
50 600 -650
50 550 -700
100 550 -750
150 500 -800
150 500 -850
100 550 -900
-50 600 -950
-150 650 -950
-200 700 -1000
-250 700 -1050
-350 700 -950
-450 750 -1000
-550 750 -1100
-700 750 -1250
-850 750 -1400
-800 550 -1450
-750 450 -1500
-700 450 -1500
-650 500 -1500
-600 500 -1500
-500 550 -1400
-450 550 -1400
-350 500 -1550
-300 400 -1550
-250 400 -1550
-100 400 -1550
-50 400 -1500
0 450 -1500
100 450 -1400
200 450 -1300
250 350 -1350
300 250 -1400
350 100 -1450
400 0 -1450
450 50 -1450
500 100 -1400
550 150 -1400
600 200 -1450
650 250 -1450
800 250 -1600
850 300 -1600
900 350 -1600
1050 350 -1600
1100 350 -1550
1200 350 -1650
1300 350 -1500
1200 350 -1350
1200 400 -1300
1200 450 -1250
1050 300 -1100
1000 350 -1050
950 400 -1050
900 400 -1100
850 400 -1150
800 450 -1150
750 450 -1150
700 500 -1050
700 500 -1000
800 500 -900
900 400 -750
800 300 -600
750 250 -550
650 200 -450
550 100 -350
400 0 -200
400 0 -100
400 0 -50
450 0 -100
450 0 -50