0 0 0
50 0 0
100 0 0
250 0 0
300 0 0
350 0 0
400 50 0
450 50 0
500 100 0
550 100 0
600 150 0
600 200 0
600 250 0
600 300 0
0 0 50
50 0 50
100 0 50
250 0 50
300 0 50
350 0 50
400 50 50
450 50 50
500 100 50
550 100 50
600 150 50
600 200 50
600 250 50
600 300 50
0 0 -50
50 0 -50
100 0 -50
250 0 -50
300 0 -50
350 0 -50
400 50 -50
450 50 -50
500 100 -50
550 100 -50
600 150 -50
600 200 -50
600 250 -50
600 300 -50
-50 0 0
-100 0 0
-250 0 0
-300 0 0
-350 0 0
-400 50 0
-450 50 0
-500 100 0
-550 100 0
-600 150 0
-600 200 0
-600 250 0
-600 300 0
-50 0 -50
-100 0 -50
-250 0 -50
-300 0 -50
-350 0 -50
-400 50 -50
-450 50 -50
-500 100 -50
-550 100 -50
-600 150 -50
-600 200 -50
-600 250 -50
-600 300 -50
-50 0 50
-100 0 50
-250 0 50
-300 0 50
-350 0 50
-400 50 50
-450 50 50
-500 100 50
-550 100 50
-600 150 50
-600 200 50
-600 250 50
-600 300 50
-250 0 200
-300 0 200
-350 0 200
-250 0 250
-300 0 250
-350 0 250
-250 50 300
-300 50 300
-350 50 300
-250 50 350
-300 50 350
-350 50 350
-250 100 400
-300 100 400
-350 100 400
-250 100 450
-300 100 450
-350 100 450
-250 150 500
-300 150 500
-350 150 500
-250 200 500
-300 200 500
-350 200 500
-250 250 500
-300 250 500
-350 250 500
250 0 -200
300 0 -200
350 0 -200
250 0 -250
300 0 -250
350 0 -250
250 50 -300
300 50 -300
350 50 -300
250 50 -350
300 50 -350
350 50 -350
250 100 -400
300 100 -400
350 100 -400
250 100 -450
300 100 -450
350 100 -450
250 150 -500
300 150 -500
350 150 -500
250 200 -500
300 200 -500
350 200 -500
250 250 -500
300 250 -500
350 250 -500