0 0 0
0 0 50
0 0 -50
-50 0 0
-50 0 50
-50 0 -50
50 0 0
50 0 50
50 0 -50
150 50 0
150 50 50
150 50 -50
250 100 0
250 100 50
250 100 -50
350 150 0
350 150 50
350 150 -50
400 150 0
400 150 50
400 150 -50
450 150 0
450 150 50
450 150 -50
-150 0 0
-150 0 50
-150 0 -50
-200 0 0
-200 0 50
-200 0 -50
-250 0 0
-250 0 50
-250 0 -50
-350 100 0
-350 100 50
-350 100 -50
-450 100 0
-450 100 50
-450 100 -50
-600 0 0
-600 0 50
-600 0 -50
-650 0 0
-650 0 50
-650 0 -50
-700 150 0
-700 150 50
-700 150 -50
-750 150 0
-750 150 50
-750 150 -50
-750 200 0
-750 200 50
-750 200 -50
-750 250 0
-750 250 50
-750 250 -50
-50 0 100
0 0 100
50 0 100
-50 0 150
0 0 150
50 0 150
-50 -50 150
0 -50 150
50 -50 150
-50 -50 200
0 -50 200
50 -50 200
-50 -50 250
0 -50 250
50 -50 250
-50 0 250
0 0 250
50 0 250
-50 0 300
0 0 300
50 0 300
-50 0 350
0 0 350
50 0 350
-50 -50 350
0 -50 350
50 -50 350
-50 -50 400
0 -50 400
50 -50 400
-50 -50 450
0 -50 450
50 -50 450
-50 0 450
0 0 450
50 0 450
-50 50 550
0 50 550
50 50 550
-50 0 750
0 0 750
50 0 750
-50 0 800
0 0 800
50 0 800
-50 0 850
0 0 850
50 0 850
-50 50 850
0 50 850
50 50 850
-50 100 850
0 100 850
50 100 850
-50 0 -100
0 0 -100
50 0 -100
-50 0 -150
0 0 -150
50 0 -150
-50 150 -50
0 150 -50
50 150 -50
-50 300 -150
0 300 -150
50 300 -150
-50 300 -200
0 300 -200
50 300 -200
-50 300 -350
0 300 -350
50 300 -350
-50 300 -400
0 300 -400
50 300 -400
-50 300 -450
0 300 -450
50 300 -450
-50 350 -500
0 350 -500
50 350 -500
-50 350 -550
0 350 -550
50 350 -550
-50 350 -600
0 350 -600
50 350 -600
-50 350 -700
0 350 -700
50 350 -700
-50 350 -750
0 350 -750
50 350 -750
-50 350 -800
0 350 -800
50 350 -800
-50 300 -850
0 300 -850
50 300 -850
-50 300 -900
0 300 -900
50 300 -900
-50 300 -950
0 300 -950
50 300 -950
-50 350 -950
0 350 -950
50 350 -950
-50 400 -950
0 400 -950
50 400 -950