-50 0 0
0 0 0
50 0 0
-50 0 50
0 0 50
50 0 50
-50 0 -50
0 0 -50
50 0 -50
-100 -200 0
-100 -200 50
-100 -200 -50
-50 -150 0
-50 -150 50
-50 -150 -50
-150 -200 0
-150 -200 50
-150 -200 -50
-200 -200 0
-200 -200 50
-200 -200 -50
-250 -200 0
-250 -200 50
-250 -200 -50
-150 -150 0
-150 -150 50
-150 -150 -50
-200 -150 0
-200 -150 50
-200 -150 -50
-250 -150 0
-250 -150 50
-250 -150 -50
-650 -200 0
-650 -200 50
-650 -200 -50
-700 -200 0
-700 -200 50
-700 -200 -50
-700 -150 0
-700 -150 50
-700 -150 -50
-700 -100 0
-700 -100 50
-700 -100 -50
-600 -200 0
-600 -200 50
-600 -200 -50
200 0 0
200 0 50
200 0 -50
250 0 0
250 0 50
250 0 -50
300 50 0
300 50 50
300 50 -50
350 100 0
350 100 50
350 100 -50
350 150 0
350 150 50
350 150 -50
200 200 0
200 200 50
200 200 -50
150 200 0
150 200 50
150 200 -50
100 200 0
100 200 50
100 200 -50
50 250 0
50 250 50
50 250 -50
0 300 0
0 300 50
0 300 -50
-50 350 0
-50 350 50
-50 350 -50
-100 400 0
-100 400 50
-100 400 -50
-150 350 0
-150 350 50
-150 350 -50
-300 350 0
-300 350 50
-300 350 -50
-450 100 0
-450 100 50
-450 100 -50
-500 100 0
-500 100 50
-500 100 -50
-550 100 0
-550 100 50
-550 100 -50
-600 100 0
-600 100 50
-600 100 -50
-600 150 0
-600 150 50
-600 150 -50
-600 200 0
-600 200 50
-600 200 -50
-600 250 0
-600 250 50
-600 250 -50
-400 100 0
-400 100 50
-400 100 -50
200 0 -100
250 0 -100
200 -200 -250
250 -200 -250
200 -200 -300
250 -200 -300
200 -200 -350
250 -200 -350
200 -200 -400
250 -200 -400
200 -200 -450
250 -200 -450
200 -200 -550
250 -200 -550
200 -150 -650
250 -150 -650
200 -150 -700
250 -150 -700
200 -150 -250
250 -150 -250
200 -150 -300
250 -150 -300
200 -150 -350
250 -150 -350
200 -150 -400
250 -150 -400
200 -150 -450
250 -150 -450
200 -50 50
250 -50 50
200 -100 50
250 -100 50
200 -150 50
250 -150 50
200 -200 50
250 -200 50
200 -200 0
250 -200 0
200 -200 -50
250 -200 -50
-50 50 150
0 50 150
50 50 150
-50 100 250
0 100 250
50 100 250
-50 100 300
0 100 300
50 100 300
-50 100 450
0 100 450
50 100 450
-50 50 550
0 50 550
50 50 550
-50 0 550
0 0 550
50 0 550
-50 -50 550
0 -50 550
50 -50 550
-50 -100 550
0 -100 550
50 -100 550
-50 -200 750
0 -200 750
50 -200 750
-50 -200 800
0 -200 800
50 -200 800
-50 -250 900
0 -250 900
50 -250 900
-50 -100 950
0 -100 950
50 -100 950
-50 -50 950
0 -50 950
50 -50 950
-50 0 950
0 0 950
50 0 950
