-50 0 0
0 0 0
50 0 0
-50 0 -50
0 0 -50
50 0 -50
-50 0 50
0 0 50
50 0 50
100 0 -50
100 0 0
100 0 50
150 0 -50
150 0 0
150 0 50
200 0 -50
200 0 0
200 0 50
250 -50 -50
250 -50 0
250 -50 50
300 -50 -50
300 -50 0
300 -50 50
350 0 -50
350 0 0
350 0 50
400 0 -50
400 0 0
400 0 50
450 -50 -50
450 -50 0
450 -50 50
500 0 -50
500 0 0
500 0 50
550 0 -50
550 0 0
550 0 50
650 -150 -50
650 -150 0
650 -150 50
-100 -150 -50
-100 -150 0
-100 -150 50
-100 -200 -50
-100 -200 0
-100 -200 50
0 -300 -50
0 -300 0
0 -300 50
850 -350 -50
850 -350 0
850 -350 50
900 -350 -50
900 -350 0
900 -350 50
950 -300 -50
950 -300 0
950 -300 50
950 -250 -50
950 -250 0
950 -250 50
950 -200 -50
950 -200 0
950 -200 50
800 -350 -50
800 -350 0
800 -350 50
-150 -350 -50
-150 -350 0
-150 -350 50
-300 -200 -50
-300 -200 0
-300 -200 50
-350 -200 -50
-350 -200 0
-350 -200 50
-400 -200 -50
-400 -200 0
-400 -200 50
-450 -200 -50
-450 -200 0
-450 -200 50
-500 -200 -50
-500 -200 0
-500 -200 50
-550 -200 -50
-550 -200 0
-550 -200 50
-600 -200 -50
-600 -200 0
-600 -200 50
-650 -200 -50
-650 -200 0
-650 -200 50
-700 -150 -50
-700 -150 0
-700 -150 50
-750 -100 -50
-750 -100 0
-750 -100 50
-850 -100 -50
-850 -100 0
-850 -100 50
-950 -50 -50
-950 -50 0
-950 -50 50
-1000 0 -50
-1000 0 0
-1000 0 50
-1050 0 -50
-1050 0 0
-1050 0 50
-1050 50 -50
-1050 50 0
-1050 50 50
-1050 100 -50
-1050 100 0
-1050 100 50
-50 50 -100
0 50 -100
50 50 -100
-50 200 0
0 200 0
50 200 0
-50 350 -100
0 350 -100
50 350 -100
-50 500 -200
0 500 -200
50 500 -200
-50 500 -250
0 500 -250
50 500 -250
-50 500 -300
0 500 -300
50 500 -300
-50 500 -350
0 500 -350
50 500 -350
-50 500 -400
0 500 -400
50 500 -400
-50 400 -500
0 400 -500
50 400 -500
-50 400 -550
0 400 -550
50 400 -550
-50 250 -650
0 250 -650
50 250 -650
-50 250 -700
0 250 -700
50 250 -700
-50 250 -750
0 250 -750
50 250 -750
-50 250 -800
0 250 -800
50 250 -800
-50 0 -700
0 0 -700
50 0 -700
-50 0 -750
0 0 -750
50 0 -750
-50 0 -800
0 0 -800
50 0 -800
-50 -50 100
0 -50 100
50 -50 100
-50 -350 150
0 -350 150
50 -350 150
-50 -500 300
0 -500 300
50 -500 300
-50 -500 350
0 -500 350
50 -500 350
-50 -450 400
0 -450 400
50 -450 400
-50 -300 350
0 -300 350
50 -300 350
-50 -150 400
0 -150 400
50 -150 400
-50 -100 450
0 -100 450
50 -100 450
-50 -50 500
0 -50 500
50 -50 500
-50 0 550
0 0 550
50 0 550
-50 0 650
0 0 650
50 0 650
-50 0 700
0 0 700
50 0 700
-50 50 700
0 50 700
50 50 700
-50 100 700
0 100 700
50 100 700
