-50 0 0
0 0 0
50 0 0
-50 0 -50
0 0 -50
50 0 -50
-50 0 50
0 0 50
50 0 50
200 0 -900
200 0 -750
200 0 -600
200 0 -450
200 0 -300
200 0 -150
200 0 0
200 0 150
200 0 300
200 0 450
200 0 600
200 0 750
200 0 900
350 0 -900
350 0 -750
350 0 -600
350 0 -450
350 0 -300
350 0 -150
350 0 0
350 0 150
350 0 300
350 0 450
350 0 600
350 0 750
350 0 900
500 0 -900
500 0 -750
500 0 -600
500 0 -450
500 0 -300
500 0 -150
500 0 0
500 0 150
500 0 300
500 0 450
500 0 600
500 0 750
500 0 900
650 0 -900
650 0 -750
650 0 -600
650 0 -450
650 0 -300
650 0 -150
650 0 0
650 0 150
650 0 300
650 0 450
650 0 600
650 0 750
650 0 900
800 0 -900
800 0 -750
800 0 -600
800 0 -450
800 0 -300
800 0 -150
800 0 0
800 0 150
800 0 300
800 0 450
800 0 600
800 0 750
800 0 900
800 0 -150
800 0 0
800 0 150
950 0 -900
950 0 -750
950 0 -600
950 0 -450
950 0 -300
950 0 -150
950 0 0
950 0 150
950 0 300
950 0 450
950 0 600
950 0 750
950 0 900
-200 0 -900
-200 0 -750
-200 0 -600
-200 0 -450
-200 0 -300
-200 0 -150
-200 0 0
-200 0 150
-200 0 300
-200 0 450
-200 0 600
-200 0 750
-200 0 900
-350 0 -900
-350 0 -750
-350 0 -600
-350 0 -450
-350 0 -300
-350 0 -150
-350 0 0
-350 0 150
-350 0 300
-350 0 450
-350 0 600
-350 0 750
-350 0 900
-500 0 -900
-500 0 -750
-500 0 -600
-500 0 -450
-500 0 -300
-500 0 -150
-500 0 0
-500 0 150
-500 0 300
-500 0 450
-500 0 600
-500 0 750
-500 0 900
-650 0 -900
-650 0 -750
-650 0 -600
-650 0 -450
-650 0 -300
-650 0 -150
-650 0 0
-650 0 150
-650 0 300
-650 0 450
-650 0 600
-650 0 750
-650 0 900
-800 0 -900
-800 0 -750
-800 0 -600
-800 0 -450
-800 0 -300
-800 0 -150
-800 0 0
-800 0 150
-800 0 300
-800 0 450
-800 0 600
-800 0 750
-800 0 900
-800 0 -150
-800 0 0
-800 0 150
-950 0 -900
-950 0 -750
-950 0 -600
-950 0 -450
-950 0 -300
-950 0 -150
-950 0 0
-950 0 150
-950 0 300
-950 0 450
-950 0 600
-950 0 750
-950 0 900
-50 0 -450
50 0 -450
-50 0 450
50 0 450