-50 0 0
0 0 0
50 0 0
-50 0 -50
0 0 -50
50 0 -50
-50 0 50
0 0 50
50 0 50
-50 50 -100
-50 100 -150
-100 150 -150
-100 200 -200
-150 250 -200
-150 300 -250
-200 300 -250
-250 300 -250
-300 300 -250
-300 300 -300
-250 250 -350
-200 200 -400
-150 150 -450
-100 100 -450
-50 100 -450
0 100 -450
50 50 -400
200 50 -250
350 50 -400
400 0 -350
450 -50 -250
450 -150 -150
450 -150 -100
450 -100 -50
500 -150 0
550 -200 50
600 -250 100
750 -350 250
700 -350 300
650 -300 350
600 -250 400
550 -200 400
500 -150 450
450 -100 500
400 -50 450
350 0 500
200 0 650
50 0 500
-100 0 650
-250 0 500
-300 50 450
-250 100 400
-200 150 350
-150 200 300
-100 250 250
-100 250 200
-50 250 250
-50 250 200