-50 0 0
0 0 0
50 0 0
-50 0 -50
0 0 -50
50 0 -50
-50 0 50
0 0 50
50 0 50
100 -50 50
150 -100 100
200 -150 150
200 -150 200
200 -150 250
200 -150 300
250 -150 300
300 -150 300
350 -150 300
400 -150 300
400 -150 250
400 -150 200
400 -150 150
400 -150 100
400 -150 50
400 -150 0
450 -100 -50
500 -50 -100
500 -50 -150
550 0 -200
550 50 -250
600 100 -300
650 150 -300
700 200 -300
750 250 -300
750 300 -250
750 300 -200
750 300 -150
800 350 -150
850 400 -150
900 400 -150
900 400 -100
900 400 -50
900 450 0
950 500 0
1000 500 0
1050 550 -50
1100 600 -50
1150 600 0
1150 600 50
1150 600 100
1150 600 150
1100 600 200
1100 600 250
1050 550 300
1050 550 350
1000 500 400
1000 500 450
1000 500 500
1050 500 550
1100 450 600
1150 450 650
1200 450 700
1200 400 750
1200 350 800
1200 300 850
1150 300 900
1100 300 950
1050 300 950
1000 300 950
950 250 900
900 250 850
850 250 800
800 200 750
750 200 750
700 250 750
650 250 750
600 300 750
550 350 750
500 400 750
450 450 800
450 450 850
400 450 900
350 450 950
300 350 1000
250 350 1000
200 350 1000
150 250 1000
150 200 1050
150 200 1100
150 150 1150
200 150 1150
250 100 1150
300 100 1150
300 100 1200
300 100 1250
300 0 1300
250 0 1350
200 0 1350
150 0 1350
100 -50 1350
50 -50 1350
0 -50 1350
-50 -150 1350
-100 -150 1350
-150 -150 1300
-150 -200 1250
-150 -200 1200
-100 -200 1150
-100 -250 1100
-100 -250 1050
-100 -300 1000
-100 -250 950
-100 -200 900
-100 -150 850
-100 -100 800
-100 -50 750
-100 0 700
-100 50 650
-100 100 600
-100 100 550
-100 150 500
-100 200 450
-100 200 400
-100 200 350
-150 250 350
-200 300 350
-250 350 350
-300 350 350
-350 350 350
-250 350 300
-300 350 300
-350 350 300
-250 350 400
-300 350 400
-350 350 400
