-50 0 0
0 0 0
50 0 0
-50 0 -50
0 0 -50
50 0 -50
-50 0 50
0 0 50
50 0 50
-100 0 0
-150 -50 0
-200 -50 0
-250 -50 0
-300 -150 0
-350 -150 0
-400 -100 0
-450 -100 0
-500 -150 0
-550 -200 -50
-600 -250 -50
-650 -250 -100
-700 -250 -100
-750 -300 -100
-750 -350 -150
-750 -400 -200
-750 -400 -250
-750 -400 -300
-750 -400 -350
-700 -400 -350
-650 -400 -350
-600 -450 -350
-550 -450 -350
-500 -450 -400
-500 -400 -450
-550 -400 -500
-600 -350 -550
-650 -350 -550
-700 -300 -550
-750 -300 -550
-750 -300 -600
-750 -250 -650
-750 -250 -700
-750 -250 -750
-750 -250 -800
-700 -200 -800
-650 -150 -800
-600 -150 -800
-550 -150 -800
-500 -100 -800
-450 -50 -800
-400 0 -800
-350 0 -800
-300 50 -800
-250 50 -800
-200 100 -800
-150 100 -800
-100 150 -800
-50 150 -800
-50 200 -750
-50 200 -700
-50 250 -650
-50 250 -600
-100 300 -600
-150 300 -600
-200 350 -600
-250 350 -600
-300 400 -600
-300 400 -650
-300 450 -700
-250 450 -700
-200 450 -700
-150 500 -700
-100 500 -700
-50 550 -700
0 550 -700
50 550 -700
100 600 -700
150 300 -700
200 300 -700
250 300 -700
300 250 -700
350 200 -650
400 150 -600
450 100 -550
500 50 -500
500 0 -450
500 -50 -400
500 -100 -350
550 -150 -350
600 -200 -350
650 -200 -350
650 -200 -300
650 -250 -250
650 -250 -200
650 -250 -150
650 -200 -100
600 -150 -100
550 -100 -100
500 -50 -100
450 0 -100
400 50 -100
350 100 -100
350 100 -50
350 150 0
350 200 50
350 250 100
350 300 150
350 350 200
350 350 250
300 400 300
250 400 350
200 400 400
150 450 450
100 450 500
50 500 500
0 550 500
-50 550 500
-100 550 500
-150 550 500
-200 550 500
-100 550 450
-150 550 450
-200 550 450
-100 550 550
-150 550 550
-200 550 550