-50 0 0
0 0 0
50 0 0
-50 0 -50
0 0 -50
50 0 -50
-50 0 50
0 0 50
50 0 50
0 0 -100
0 -50 -150
0 -100 -200
50 -150 -250
100 -200 -250
150 -250 -250
200 -300 -250
250 -350 -250
300 -350 -250
300 -350 -200
300 -300 -150
250 -250 -100
250 -250 -50
250 -250 0
300 -350 50
300 -300 100
350 -250 150
400 -250 150
450 -300 100
500 -300 100
550 -400 150
550 -500 200
550 -600 250
500 -550 300
500 -700 350
450 -850 400
400 -850 450
400 -850 500
450 -850 550
500 -800 550
550 -800 550
600 -800 500
650 -800 450
700 -800 400
750 -750 350
800 -700 300
850 -650 250
900 -600 200
950 -550 150
1000 -500 100
1050 -450 50
1100 -400 0
1150 -350 -50
1200 -300 -100
1250 -250 -150
1300 -200 -200
1350 -150 -200
1400 -100 -200
1450 -50 -150
1450 0 -100
1400 50 -50
1400 50 0
1350 100 50
1350 100 100
1300 100 150
1300 150 200
1350 150 250
1400 200 250
1450 200 250
1500 250 300
1550 250 350
1550 250 400
1550 250 450
1550 300 500
1550 300 550
1550 350 600
1600 350 650
1650 400 700
1700 400 750
1700 450 800
1700 350 850
1650 350 900
1600 350 950
1550 400 950
1500 400 950
1450 400 950
1300 250 800
1150 250 950
1000 250 1100
850 250 950
700 250 800
550 250 950
400 250 1100
250 250 950
100 250 950
50 300 900
0 300 850
-50 250 850
-100 250 850
-150 250 850
-200 250 850
-250 300 900
-300 300 900
-350 300 900
-400 350 850
-400 350 800
-400 350 750
-350 400 700
-300 400 650
-250 400 600
-250 450 550
-250 450 500
-300 500 450
-350 500 400
-400 550 350
-450 550 300
-450 500 250
-450 450 200
-450 400 150
-350 300 0
-350 300 -150
-350 300 -300
-200 300 -300
-50 300 -450
50 300 -600
100 300 -600
50 300 -650
100 300 -650