-150 -100 0
-150 -100 50
-150 -100 -50
-200 -100 0
-200 -100 50
-200 -100 -50
-250 -100 0
-250 -100 50
-250 -100 -50
-150 -50 0
-150 -50 50
-150 -50 -50
-200 -50 0
-200 -50 50
-200 -50 -50
-250 -50 0
-250 -50 50
-250 -50 -50
-650 -150 0
-150 500 -50
-150 500 0
-150 500 50
-300 500 -50
-300 500 0
-300 500 50
-450 150 0
-450 150 50
-450 150 -50
-500 150 0
-500 150 50
-500 150 -50
-550 150 0
-550 150 50
-550 150 -50
200 -150 0
250 -150 0
-50 -150 750
0 -150 750
50 -150 750
-50 -150 800
0 -150 800
50 -150 800
-50 -200 900
0 -200 900
50 -200 900
